# Bach Prelude in C major, pitch-only scalability corpus.
#
# Whitespace-separated MIDI pitch numbers. This is a deterministic static
# pitch-only arpeggiation corpus for the evaluation script: it follows the
# Prelude's C-major broken-chord texture and harmonic plan, but is not intended
# as a critical score edition. Durations are intentionally omitted.
60 64 67 72 76 67 72 76 60 64 67 72 76 67 72 76
60 64 67 72 76 67 71 76 60 64 67 72 76 67 71 76
62 65 69 74 77 69 74 77 62 65 69 74 77 69 74 77
59 62 67 71 77 67 71 77 59 62 67 71 77 67 71 77
64 67 72 76 79 72 76 79 64 67 72 76 79 72 76 79
65 69 72 77 81 72 77 81 65 69 72 77 81 72 77 81
65 69 74 77 81 74 77 81 65 69 74 77 81 74 77 81
67 71 74 79 83 74 79 83 67 71 74 79 83 74 79 83
60 64 67 72 76 67 74 76 60 64 67 72 76 67 74 76
57 60 64 69 72 64 69 72 57 60 64 69 72 64 69 72
62 66 69 72 78 69 72 78 62 66 69 72 78 69 72 78
55 59 62 67 71 62 67 71 55 59 62 67 71 62 67 71
55 60 64 67 72 64 67 72 55 60 64 67 72 64 67 72
57 60 65 69 72 65 69 72 57 60 65 69 72 65 69 72
59 62 65 71 74 65 71 74 59 62 65 71 74 65 71 74
60 64 67 72 76 67 72 79 60 64 67 72 76 67 72 79
52 55 60 64 67 60 64 67 52 55 60 64 67 60 64 67
53 57 60 65 69 60 65 69 53 57 60 65 69 60 65 69
55 59 62 67 71 62 67 74 55 59 62 67 71 62 67 74
48 52 55 60 64 55 60 64 48 52 55 60 64 55 60 64
50 53 57 62 65 57 62 65 50 53 57 62 65 57 62 65
52 55 59 64 67 59 64 67 52 55 59 64 67 59 64 67
53 57 60 65 69 60 65 72 53 57 60 65 69 60 65 72
55 59 62 67 71 62 67 71 55 59 62 67 71 62 67 71
60 64 67 72 76 67 72 76 60 64 67 72 79 67 72 79
59 62 65 71 74 65 71 74 59 62 65 71 77 65 71 77
57 60 64 69 72 64 69 72 57 60 64 69 76 64 69 76
55 59 62 67 71 62 67 71 55 59 62 67 74 62 67 74
53 57 60 65 69 60 65 69 53 57 60 65 72 60 65 72
52 55 59 64 67 59 64 67 52 55 59 64 71 59 64 71
50 53 57 62 65 57 62 65 50 53 57 62 69 57 62 69
55 59 62 67 71 62 67 71 55 59 62 67 71 62 67 71
48 55 60 64 67 60 64 67 48 55 60 64 67 60 64 67
47 55 59 62 67 59 62 67 47 55 59 62 67 59 62 67
48 52 55 60 64 55 60 64 48 52 55 60 67 55 60 67
43 55 59 62 67 59 62 67 43 55 59 62 71 59 62 71
48 52 55 60 64 55 60 64 48 52 55 60 64 55 60 64
